camera matrix
680.322364 0.000000 396.607936
0.000000 680.772042 239.830594
0.000000 0.000000 1.000000

distortion
0.003543 0.020399 0.001060 0.001269 0.000000

rectification
0.281485 -0.064034 -0.957427
0.065846 0.996708 -0.047303
0.957304 -0.049727 0.284775





Left:
('D = ', [0.006229689433821166, 0.007825554717485046, 0.0012622715930699108, 0.000783722961647082, 0.0])
('K = ', [682.3132909401803, 0.0, 396.52295129965904, 0.0, 682.6090517733663, 239.88822866659788, 0.0, 0.0, 1.0])
('R = ', [0.43555436086700183, -0.01225548936749317, -0.9000789974830548, 0.013385601709732261, 0.9998849373676144, -0.007137064678862965, 0.9000629002445361, -0.008939519322934663, 0.4356682919351246])
('P = ', [647.6288072416, 0.0, -8942.674854278564, 0.0, 0.0, 647.6288072416, -119.1321029663086, 0.0, 0.0, 0.0, 1.0, 0.0])

Right:
('D = ', [-0.0015437851274444857, 0.0139438591421104, 0.0011362782234556215, 0.0009847382056136203, 0.0])
('K = ', [680.5159069856089, 0.0, 366.34170210079645, 0.0, 680.3937679757029, 246.6627919131845, 0.0, 0.0, 1.0])
('R = ', [0.45311733313965324, -0.011769468288012584, -0.8913731889756534, 0.01065705202750001, 0.9999129048995165, -0.00778523329732729, 0.8913871827945987, -0.0059717863012771644, 0.453203296675874])
('P = ', [647.6288072416, 0.0, -8942.674854278564, -67.01260239337384, 0.0, 647.6288072416, -119.1321029663086, 0.0, 0.0, 0.0, 1.0, 0.0])
('self.T ', [-0.04688576441274009, 0.0012178314027216858, 0.09223375555413715])
('self.R ', [0.9998044144741552, -0.0028659218042884865, -0.019568323643156835, 0.002883209353508678, 0.9999954777810198, 0.0008552902044064527, 0.01956578395606644, -0.0009115424957824991, 0.9998081561922082])
None
# oST version 5.0 parameters


[image]

width
752

height
480

[narrow_stereo/left]

camera matrix
682.313291 0.000000 396.522951
0.000000 682.609052 239.888229
0.000000 0.000000 1.000000

distortion
0.006230 0.007826 0.001262 0.000784 0.000000

rectification
0.435554 -0.012255 -0.900079
0.013386 0.999885 -0.007137
0.900063 -0.008940 0.435668

projection
647.628807 0.000000 -8942.674854 0.000000
0.000000 647.628807 -119.132103 0.000000
0.000000 0.000000 1.000000 0.000000

# oST version 5.0 parameters


[image]

width
752

height
480

[narrow_stereo/right]

camera matrix
680.515907 0.000000 366.341702
0.000000 680.393768 246.662792
0.000000 0.000000 1.000000

distortion
-0.001544 0.013944 0.001136 0.000985 0.000000

rectification
0.453117 -0.011769 -0.891373
0.010657 0.999913 -0.007785
0.891387 -0.005972 0.453203

projection
647.628807 0.000000 -8942.674854 -67.012602
0.000000 647.628807 -119.132103 0.000000
0.000000 0.000000 1.000000 0.000000








image_width: 752
image_height: 480
camera_name: narrow_stereo
camera_matrix:
  rows: 3
  cols: 3
  data: [683.2622952915754, 0.0, 415.0434160194209, 0.0, 685.3035829376532, 238.16723414735694, 0.0, 0.0, 1.0]
distortion_model: plumb_bob
distortion_coefficients:
  rows: 1
  cols: 5
  data: [-0.0004715083236984917, 0.004512246722374553, 0.0003958916427386972, 5.141612720927145e-05, 0.0]
rectification_matrix:
  rows: 3
  cols: 3
  data: [0.9651206438689803, 0.007090848746871396, -0.2617095004809222, -0.008422142418825542, 0.9999566697247535, -0.003965626061195835, 0.26167004088164514, 0.006031462262934944, 0.965138545063852]
projection_matrix:
  rows: 3
  cols: 4
  data: [785.5572456756955, 0.0, 627.0298748016357, -27.41819168491945, 0.0, 785.5572456756955, 243.2346076965332, 0.0, 0.0, 0.0, 1.0, 0.0]




