Left:
('D = ', [0.0033470397211633994, -0.01555812784131207, -0.00040778845909344676, -0.0004709148089675696, 0.0])
('K = ', [676.8678454905117, 0.0, 370.7083664870171, 0.0, 677.1801462473397, 243.70574255095417, 0.0, 0.0, 1.0])
('R = ', [0.9571103402252362, 0.013203706814779087, -0.2894226300071957, -0.011728155758302631, 0.9999078824495584, 0.006832055162921475, 0.2894861775567907, -0.0031446369567193775, 0.957177028695303])
('P = ', [785.5572456756955, 0.0, 627.0298748016357, 0.0, 0.0, 785.5572456756955, 243.2346076965332, 0.0, 0.0, 0.0, 1.0, 0.0])

Right:
('D = ', [-0.0004715083236984917, 0.004512246722374553, 0.0003958916427386972, 5.141612720927145e-05, 0.0])
('K = ', [679.2622952915754, 0.0, 365.0434160194209, 0.0, 679.3035829376532, 245.16723414735694, 0.0, 0.0, 1.0])
('R = ', [0.9651206438689803, 0.007090848746871396, -0.2617095004809222, -0.008422142418825542, 0.9999566697247535, -0.003965626061195835, 0.26167004088164514, 0.006031462262934944, 0.965138545063852])
('P = ', [785.5572456756955, 0.0, 627.0298748016357, -54.41819168491945, 0.0, 785.5572456756955, 243.2346076965332, 0.0, 0.0, 0.0, 1.0, 0.0])
('self.T ', [-0.0668571520232876, -0.0004912069342369986, 0.018129497043446314])
('self.R ', [0.9995755839259018, 0.0034989461498179464, -0.02892074333472401, -0.003194897961906815, 0.9999392148945773, 0.010552684162312604, 0.028955908657911478, -0.010455806609592288, 0.9995260033945778])
None
# oST version 5.0 parameters


[image]

width
752

height
480

[narrow_stereo/left]

camera matrix
676.867845 0.000000 370.708366
0.000000 677.180146 243.705743
0.000000 0.000000 1.000000

distortion
0.003347 -0.015558 -0.000408 -0.000471 0.000000

rectification
0.957110 0.013204 -0.289423
-0.011728 0.999908 0.006832
0.289486 -0.003145 0.957177

projection
785.557246 0.000000 627.029875 0.000000
0.000000 785.557246 243.234608 0.000000
0.000000 0.000000 1.000000 0.000000

# oST version 5.0 parameters


[image]

width
752

height
480

[narrow_stereo/right]

camera matrix
679.262295 0.000000 365.043416
0.000000 679.303583 245.167234
0.000000 0.000000 1.000000

distortion
-0.000472 0.004512 0.000396 0.000051 0.000000

rectification
0.965121 0.007091 -0.261710
-0.008422 0.999957 -0.003966
0.261670 0.006031 0.965139

projection
785.557246 0.000000 627.029875 -54.418192
0.000000 785.557246 243.234608 0.000000
0.000000 0.000000 1.000000 0.000000

