image_width: 752
image_height: 480
camera_name: narrow_stereo
camera_matrix:
  rows: 3
  cols: 3
  data: [676.8678454905117, 0.0, 370.7083664870171, 0.0, 677.1801462473397, 243.70574255095417, 0.0, 0.0, 1.0]
distortion_model: plumb_bob
distortion_coefficients:
  rows: 1
  cols: 5
  data: [0.0033470397211633994, -0.01555812784131207, -0.00040778845909344676, -0.0004709148089675696, 0.0]
rectification_matrix:
  rows: 3
  cols: 3
  data: [0.9571103402252362, 0.013203706814779087, -0.2894226300071957, -0.011728155758302631, 0.9999078824495584, 0.006832055162921475, 0.2894861775567907, -0.0031446369567193775, 0.957177028695303]
projection_matrix:
  rows: 3
  cols: 4
  data: [785.5572456756955, 0.0, 627.0298748016357, 1000.0, 0.0, 785.5572456756955, 243.2346076965332, 0.0, 0.0, 0.0, 1.0, 0.0]
