image_width: 752
image_height: 480
camera_name: narrow_stereo
camera_matrix:
  rows: 3
  cols: 3
  data: [679.2622952915754, 0.0, 365.0434160194209, 0.0, 679.3035829376532, 245.16723414735694, 0.0, 0.0, 1.0]
distortion_model: plumb_bob
distortion_coefficients:
  rows: 1
  cols: 5
  data: [-0.0004715083236984917, 0.004512246722374553, 0.0003958916427386972, 5.141612720927145e-05, 0.0]
rectification_matrix:
  rows: 3
  cols: 3
  data: [0.9651206438689803, 0.007090848746871396, -0.2617095004809222, -0.008422142418825542, 0.9999566697247535, -0.003965626061195835, 0.26167004088164514, 0.006031462262934944, 0.965138545063852]
projection_matrix:
  rows: 3
  cols: 4
  data: [785.5572456756955, 0.0, 627.0298748016357, -54.41819168491945, 0.0, 785.5572456756955, 243.2346076965332, 0.0, 0.0, 0.0, 1.0, 0.0]
