<?xml version="1.0" encoding="UTF-8" ?>
<opencv_storage>
    <image_width>752</image_width>
    <image_height>480</image_height>
    <camera_name>narrow_stereo</camera_name>
    <camera_matrix type_id="opencv-matrix">
        <rows>3</rows>
        <cols>3</cols>
	<dt>d</dt>
        <data>
	681.0132909401804 0 393.02295129965904 0 681.0090517733663 243.88822866659788 0 0 1</data>
    </camera_matrix>
    <distortion_model>plumb_bob</distortion_model>
    <distortion_coefficients type_id="opencv-matrix">
        <rows>1</rows>
        <cols>5</cols>
	<dt>d</dt>
        <data>0.003543 0.020399 0.00106 0.001269 0</data>
    </distortion_coefficients>
    <rectification_matrix type_id="opencv-matrix">
        <rows>3</rows>
        <cols>3</cols>
	<dt>d</dt>
        <data>0.9572 0.0065 -0.2894 -0.0047 1 0.0068 0.2895 -0.0052 0.9572</data>
    </rectification_matrix>
    <projection_matrix type_id="opencv-matrix">
        <rows>3</rows>
        <cols>4</cols>
	<dt>d</dt>
        <data>785.5572456756955 0 627.0298748016357 -27.41819168491945 0 785.5572456756955 243.2346076965332 0 0 0 1 0</data>
    </projection_matrix>
</opencv_storage>
