Left:
('D = ', [-0.2762887006738724, 0.057743188569230997, 0.0014037288320163028, 0.00012616744982312265, 0.0])
('K = ', [420.615752057792, 0.0, 376.7530446342373, 0.0, 421.1590741270965, 247.03363338667134, 0.0, 0.0, 1.0])
('R = ', [0.2885369191837852, 0.023101366879999023, -0.9571900402303638, -0.011106642600070132, 0.9997223813738736, 0.020779862133936972, 0.9574043496653251, 0.004635410275995419, 0.288713394586204])
('P = ', [-58.08076688624612, 0.0, 226.68280410766602, 0.0, 0.0, -58.08076688624612, 243.67380905151367, 0.0, 0.0, 0.0, 1.0, 0.0])

Right:
('D = ', [-0.2871437140119364, 0.06825701846709947, 0.00021948051454030173, -0.00041103477248532463, 0.0])
('K = ', [414.9079564986, 0.0, 360.2195546333361, 0.0, 416.09956984107623, 237.9510790434743, 0.0, 0.0, 1.0])
('R = ', [0.2994141728910248, -0.0022550741362070328, -0.9541205729427616, -0.009649416195510878, 0.9999389085662818, -0.005391465696719291, 0.9540744425038694, 0.010820987751277527, 0.2993741211010354])
('P = ', [-58.08076688624612, 0.0, 226.68280410766602, 18.804902423488368, 0.0, -58.08076688624612, 243.67380905151367, 0.0, 0.0, 0.0, 1.0, 0.0])
('self.T ', [-0.09694180375497984, 0.0007301289456484014, 0.30891713791541303])
('self.R ', [0.9999342367806452, 0.0016926657940303058, -0.011342706750084551, -0.0013965754823937783, 0.999659371323132, 0.026061291271972094, 0.011382956155176496, -0.02604373645140635, 0.9995959944401633])
None
# oST version 5.0 parameters


[image]

width
752

height
480

[narrow_stereo/left]

camera matrix
420.615752 0.000000 376.753045
0.000000 421.159074 247.033633
0.000000 0.000000 1.000000

distortion
-0.276289 0.057743 0.001404 0.000126 0.000000

rectification
0.288537 0.023101 -0.957190
-0.011107 0.999722 0.020780
0.957404 0.004635 0.288713

projection
-58.080767 0.000000 226.682804 0.000000
0.000000 -58.080767 243.673809 0.000000
0.000000 0.000000 1.000000 0.000000

# oST version 5.0 parameters


[image]

width
752

height
480

[narrow_stereo/right]

camera matrix
414.907956 0.000000 360.219555
0.000000 416.099570 237.951079
0.000000 0.000000 1.000000

distortion
-0.287144 0.068257 0.000219 -0.000411 0.000000

rectification
0.299414 -0.002255 -0.954121
-0.009649 0.999939 -0.005391
0.954074 0.010821 0.299374

projection
-58.080767 0.000000 226.682804 18.804902
0.000000 -58.080767 243.673809 0.000000
0.000000 0.000000 1.000000 0.000000

