Left:
('D = ', [-0.2827336135714475, 0.0683589322319205, -0.00014658781758553806, 0.0001777141128165839, 0.0])
('K = ', [414.1745143329109, 0.0, 369.63563949774544, 0.0, 414.451011936919, 248.57337691865564, 0.0, 0.0, 1.0])
('R = ', [0.9840633359831141, 0.016995905203600052, -0.17700420893327562, -0.016495218298768804, 0.9998546988640448, 0.004299875901245658, 0.1770515703038536, -0.001311627157537938, 0.9842007016290626])
('P = ', [388.8463042786714, 0.0, 521.4618110656738, 0.0, 0.0, 388.8463042786714, 241.14336395263672, 0.0, 0.0, 0.0, 1.0, 0.0])

Right:
('D = ', [-0.26965797255632085, 0.05894197583899755, -0.0008719012977200185, 0.0009001851082736515, 0.0])
('K = ', [415.885749095443, 0.0, 386.5825371808923, 0.0, 416.4632247352591, 238.84755816059558, 0.0, 0.0, 1.0])
('R = ', [0.9840076408089521, 0.01510581995728014, -0.17748458252202823, -0.015607744146558963, 0.9998771661670998, -0.0014320964721427855, 0.1774411484190067, 0.004179327824926692, 0.9841225391518456])
('P = ', [388.8463042786714, 0.0, 521.4618110656738, -14.479479445372075, 0.0, 388.8463042786714, 241.14336395263672, 0.0, 0.0, 0.0, 1.0, 0.0])
('self.T ', [-0.03664151684715857, -0.0005624957911910051, 0.0066089977870959])
('self.R ', [0.9999995287582845, 0.0008858876300751075, 0.00039709736323880406, -0.0008881519937452877, 0.9999831382431811, 0.005738851396836766, -0.0003920066900163461, -0.00573920137526546, 0.9999834538122765])
None
# oST version 5.0 parameters


[image]

width
752

height
480

[narrow_stereo/left]

camera matrix
414.174514 0.000000 369.635639
0.000000 414.451012 248.573377
0.000000 0.000000 1.000000

distortion
-0.282734 0.068359 -0.000147 0.000178 0.000000

rectification
0.984063 0.016996 -0.177004
-0.016495 0.999855 0.004300
0.177052 -0.001312 0.984201

projection
388.846304 0.000000 521.461811 0.000000
0.000000 388.846304 241.143364 0.000000
0.000000 0.000000 1.000000 0.000000

# oST version 5.0 parameters


[image]

width
752

height
480

[narrow_stereo/right]

camera matrix
415.885749 0.000000 386.582537
0.000000 416.463225 238.847558
0.000000 0.000000 1.000000

distortion
-0.269658 0.058942 -0.000872 0.000900 0.000000

rectification
0.984008 0.015106 -0.177485
-0.015608 0.999877 -0.001432
0.177441 0.004179 0.984123

projection
388.846304 0.000000 521.461811 -14.479479
0.000000 388.846304 241.143364 0.000000
0.000000 0.000000 1.000000 0.000000


