image_width: 752
image_height: 480
camera_name: narrow_stereo
camera_matrix:
  rows: 3
  cols: 3
  data: [413.8092624895842, 0.0, 378.41608555363683, 0.0, 414.58118108226586, 249.63202413917932, 0.0, 0.0, 1.0]
distortion_model: plumb_bob
distortion_coefficients:
  rows: 1
  cols: 5
  data: [-0.2762540642040707, 0.06446557458606815, -0.0009005274726036505, -0.0013979815025480776, 0.0]
rectification_matrix:
  rows: 3
  cols: 3
  data: [0.9451580950096535, -0.03419536308045815, -0.32481818388372047, 0.035023567804115696, 0.9993810434857863, -0.003298426826768051, 0.3247299264558062, -0.00825875687114438, 0.9457707268672202]
projection_matrix:
  rows: 3
  cols: 4
  data: [436.47058272934544, 0.0, 684.9414291381836, 0.0, 0.0, 436.47058272934544, 257.54175186157227, 0.0, 0.0, 0.0, 1.0, 0.0]
