image_width: 752
image_height: 480
camera_name: narrow_stereo
camera_matrix:
  rows: 3
  cols: 3
  data: [406.9185578784797, 0.0, 364.50646541778684, 0.0, 407.83987911594886, 252.405401574727, 0.0, 0.0, 1.0]
distortion_model: plumb_bob
distortion_coefficients:
  rows: 1
  cols: 5
  data: [-0.274577132715303, 0.06301081337644864, -0.0013816235334555647, -0.00013153495216207346, 0.0]
rectification_matrix:
  rows: 3
  cols: 3
  data: [0.9428603497410184, -0.03451223512050912, -0.33139593617488927, 0.03366653341680183, 0.9993987051237234, -0.008294137973310207, 0.33148291873630525, -0.0033367385291087127, 0.9434553199606478]
projection_matrix:
  rows: 3
  cols: 4
  data: [436.47058272934544, 0.0, 684.9414291381836, -33.625334045568714, -0.0, 436.47058272934544, 265.54175186157227, 0.0, 0.0, 0.0, 1.0, 0.0]
