Left:
('D = ', [-0.27814329957971906, 0.06531509694966005, 0.00018109541437930616, 0.000683642977754333, 0.0])
('K = ', [417.1221072045797, 0.0, 389.72247614298135, 0.0, 417.32028303602493, 234.85891123438972, 0.0, 0.0, 1.0])
('R = ', [0.9488602563922091, -0.032269977840386335, -0.3140427715606462, 0.03373870318075329, 0.9994303998752216, -0.0007587574946161272, 0.313888377846317, -0.009875441024864783, 0.9494085326757771])
('P = ', [428.7552083382462, 0.0, 669.629472732544, 0.0, 0.0, 428.7552083382462, 241.74191284179688, 0.0, 0.0, 0.0, 1.0, 0.0])

Right:
('D = ', [-0.27597593652605307, 0.06298447160774383, -0.00016200769482210055, 0.0004526111078416114, 0.0])
('K = ', [409.1636137882346, 0.0, 353.19639067207385, 0.0, 409.57993871414516, 237.3214574795417, 0.0, 0.0, 1.0])
('R = ', [0.9483828375354502, -0.032402314784715225, -0.31546803873736573, 0.03092603360344723, 0.9994747444406941, -0.009685848995720425, 0.3156161813243521, -0.000570282212304137, 0.9488867692535459])
('P = ', [428.7552083382462, 0.0, 669.629472732544, -16.102684815957755, 0.0, 428.7552083382462, 241.74191284179688, 0.0, 0.0, 0.0, 1.0, 0.0])
('self.T ', [-0.03561824934298941, 0.0012169281028863806, 0.011847978283423238])
('self.R ', [0.9999944378281127, -0.0028127240057940154, 0.00179245543993229, 0.002796708066491479, 0.9999566972699826, 0.008875922988580419, -0.001817343343381839, -0.008870860644583417, 0.9999590017068684])
None
# oST version 5.0 parameters


[image]

width
752

height
480

[narrow_stereo/left]

camera matrix
417.122107 0.000000 389.722476
0.000000 417.320283 234.858911
0.000000 0.000000 1.000000

distortion
-0.278143 0.065315 0.000181 0.000684 0.000000

rectification
0.948860 -0.032270 -0.314043
0.033739 0.999430 -0.000759
0.313888 -0.009875 0.949409

projection
428.755208 0.000000 669.629473 0.000000
0.000000 428.755208 241.741913 0.000000
0.000000 0.000000 1.000000 0.000000

# oST version 5.0 parameters


[image]

width
752

height
480

[narrow_stereo/right]

camera matrix
409.163614 0.000000 353.196391
0.000000 409.579939 237.321457
0.000000 0.000000 1.000000

distortion
-0.275976 0.062984 -0.000162 0.000453 0.000000

rectification
0.948383 -0.032402 -0.315468
0.030926 0.999475 -0.009686
0.315616 -0.000570 0.948887

projection
428.755208 0.000000 669.629473 -16.102685
0.000000 428.755208 241.741913 0.000000
0.000000 0.000000 1.000000 0.000000

