Left:
('D = ', [-0.2798425612291321, 0.06465967356493585, -0.00014676345297821424, 0.0006579322408953995, 0.0])
('K = ', [418.81174974136013, 0.0, 367.0913365284221, 0.0, 419.126372359782, 249.53992980016434, 0.0, 0.0, 1.0])
('R = ', [0.724651396593738, 0.023800958567895204, -0.6887044850921143, -0.02051679653967099, 0.9997054910515221, 0.012961181319036343, 0.6888101439979631, 0.004737671652249427, 0.7249262996973008])
('P = ', [16784.56852212779, 0.0, -1141.1504912376404, 0.0, 0.0, 16784.56852212779, 281.8445053100586, 0.0, 0.0, 0.0, 1.0, 0.0])

Right:
('D = ', [-0.27611240528086944, 0.06293620572868336, -0.000762276387667869, 0.001352681604085376, 0.0])
('K = ', [421.3358488035904, 0.0, 382.9290321071939, 0.0, 421.8309082274005, 238.85952916719728, 0.0, 0.0, 1.0])
('R = ', [0.7285765987675049, 0.01439188534955525, -0.6848131229499472, -0.01765334921687721, 0.9998416785098935, 0.0022309585262511693, 0.6847368100152066, 0.010463821032688243, 0.7287153144126962])
('P = ', [16784.56852212779, 0.0, -1141.1504912376404, -792.2910178273855, 0.0, 16784.56852212779, 281.8445053100586, 0.0, 0.0, 0.0, 1.0, 0.0])
('self.T ', [-0.03439139315626229, -0.0006793479068003266, 0.032325602263070984])
('self.R ', [0.9999799007037947, 0.002936729467307729, -0.005619057613580276, -0.0028768623994090987, 0.9999393310037102, 0.01063287235826849, 0.005649942580571428, -0.010616493389448818, 0.9999276814934908])
None
# oST version 5.0 parameters


[image]

width
752

height
480

[narrow_stereo/left]

camera matrix
418.811750 0.000000 367.091337
0.000000 419.126372 249.539930
0.000000 0.000000 1.000000

distortion
-0.279843 0.064660 -0.000147 0.000658 0.000000

rectification
0.724651 0.023801 -0.688704
-0.020517 0.999705 0.012961
0.688810 0.004738 0.724926

projection
16784.568522 0.000000 -1141.150491 0.000000
0.000000 16784.568522 281.844505 0.000000
0.000000 0.000000 1.000000 0.000000

# oST version 5.0 parameters


[image]

width
752

height
480

[narrow_stereo/right]

camera matrix
421.335849 0.000000 382.929032
0.000000 421.830908 238.859529
0.000000 0.000000 1.000000

distortion
-0.276112 0.062936 -0.000762 0.001353 0.000000

rectification
0.728577 0.014392 -0.684813
-0.017653 0.999842 0.002231
0.684737 0.010464 0.728715

projection
16784.568522 0.000000 -1141.150491 -792.291018
0.000000 16784.568522 281.844505 0.000000
0.000000 0.000000 1.000000 0.000000

