image_width: 752
image_height: 480
camera_name: narrow_stereo
camera_matrix:
  rows: 3
  cols: 3
  data: [417.1221072045797, 0.0, 389.72247614298135, 0.0, 417.32028303602493, 234.85891123438972, 0.0, 0.0, 1.0]
distortion_model: plumb_bob
distortion_coefficients:
  rows: 1
  cols: 5
  data: [-0.27814329957971906, 0.06531509694966005, 0.00018109541437930616, 0.000683642977754333, 0.0]
rectification_matrix:
  rows: 3
  cols: 3
  data: [0.9488602563922091, -0.032269977840386335, -0.3140427715606462, 0.03373870318075329, 0.9994303998752216, -0.0007587574946161272, 0.313888377846317, -0.009875441024864783, 0.9494085326757771]
projection_matrix:
  rows: 3
  cols: 4
  data: [450.47058272934544, 0.0, 684.9414291381836, -16.812667023, 0.0, 450.47058272934544, 247.54175186157227, 0.0, 0.0, 0.0, 1.0, 0.0]
